demo/2020060418_UV_SFC.json
{"header": { "refTime": "2020-06-04T18:00:00.000Z", "parameterCategory":  2, "parameterNumber":   2, "surfacelType": 104, "surfacelValue":        0.0, "forecastTime":    0, "scanMode": 0, "nx": 101, "ny": 61, "lo1": 80, "la1": 60, "lo2": 180, "la2": 0, "dx": 1, "dy": 1 }, "data":
[rows 0 to 34 of 61, columns 0 to 79 of 101]
-2.00,-2.52,-2.83,-2.77,-2.17,-1.45,-0.93,-0.87,-1.44,-1.88,-1.79,-1.95,-0.50,2.05,4.28,6.68,8.47,8.27,5.49,1.91,3.04,3.75,2.76,3.69,2.67,1.70,0.04,-0.06,-1.07,-1.68,-1.51,-1.11,-1.80,-2.36,-2.07,-0.31,-0.61,-0.05,-0.85,-2.38,-4.33,-4.55,-4.28,-3.27,-1.41,-1.54,-1.96,-3.49,-3.62,-2.81,-2.70,-0.88,1.57,2.85,3.33,4.19,4.77,3.45,1.07,-0.01,-0.25,-0.04,-0.43,-1.70,-2.46,-2.81,-4.33,-5.04,-3.88,-2.82,-3.74,-4.20,-3.83,-3.22,-2.76,-2.63,-2.93,-3.39,-3.63,-3.65
-0.15,-0.62,-1.09,-1.17,-0.78,-0.16,0.18,0.18,-0.20,-0.59,-0.56,-0.30,1.04,2.15,3.69,5.81,6.88,6.15,3.60,2.44,4.32,1.89,3.74,4.31,2.22,1.04,1.44,2.42,2.79,2.13,3.02,2.32,0.43,-2.82,-4.04,-1.36,-2.26,-0.58,-1.79,-3.15,-3.06,-3.12,-1.87,-1.53,-1.54,-0.95,-1.42,-3.05,-2.07,-0.17,0.27,1.41,3.80,4.89,5.68,5.53,4.65,2.64,1.57,1.63,0.14,-0.28,-0.22,-1.06,-1.87,-2.34,-3.76,-4.55,-3.92,-3.41,-3.75,-3.89,-3.46,-2.64,-2.30,-2.20,-2.50,-3.37,-4.01,-3.64
0.89,0.90,0.85,0.65,0.63,1.04,1.18,1.08,0.90,0.63,0.74,1.03,1.74,2.24,2.81,4.11,5.00,4.56,2.78,5.25,3.38,2.09,4.16,2.09,2.18,0.61,1.53,2.47,3.74,3.39,4.50,2.34,1.04,-0.63,-2.92,-2.97,-1.82,-0.60,-2.18,-4.11,-3.73,-3.27,-3.12,-2.30,-1.65,-1.60,-1.03,-0.96,-0.41,1.62,2.37,3.08,3.69,4.41,5.31,4.82,3.98,2.01,1.86,2.25,1.29,0.13,-0.14,-0.98,-1.54,-1.64,-3.21,-4.38,-4.10,-3.92,-3.66,-3.23,-2.82,-2.03,-1.80,-2.38,-3.09,-3.95,-4.86,-4.98
2.14,2.06,2.18,2.15,2.06,2.20,2.15,1.92,1.87,1.60,1.81,2.26,2.48,2.21,1.52,1.59,2.72,3.32,3.15,2.99,0.15,0.87,1.86,2.83,2.61,0.90,1.58,2.24,3.25,3.57,3.59,2.57,1.71,0.75,-2.85,-4.94,-3.03,-0.77,-3.36,-4.18,-3.83,-3.26,-3.01,-2.45,-2.02,-1.71,-0.78,0.33,0.87,1.49,2.57,3.03,3.12,3.93,4.14,3.50,2.49,1.59,1.42,1.40,0.42,-0.20,0.23,-0.56,-1.27,-1.13,-2.81,-4.57,-4.32,-4.33,-3.95,-3.06,-2.46,-1.33,-1.96,-3.77,-5.17,-5.40,-6.76,-6.62
4.05,3.79,3.62,3.53,3.41,3.23,3.07,2.94,2.95,2.79,2.83,3.11,3.07,2.42,0.65,-0.22,1.45,2.67,3.41,1.48,0.10,0.96,3.54,4.60,3.14,1.93,1.92,2.30,2.63,2.79,3.12,2.70,2.02,1.44,-1.38,-2.97,-4.05,-1.42,-3.02,-3.37,-3.02,-2.63,-2.48,-2.20,-1.61,-1.39,-0.81,0.05,0.33,-0.27,0.90,1.92,2.37,2.97,2.67,1.89,1.05,0.29,-0.03,-0.74,-2.17,-1.55,-0.41,-0.93,-1.66,-1.28,-2.78,-4.69,-4.59,-4.16,-3.75,-3.20,-2.53,-2.52,-3.49,-5.61,-6.08,-6.66,-7.35,-7.34
5.73,5.60,5.54,5.31,4.80,4.18,3.85,3.83,3.96,3.84,3.71,3.97,4.08,3.83,1.79,-0.17,3.68,4.74,2.82,2.85,1.71,2.20,3.32,3.71,2.51,2.40,1.71,2.22,2.21,2.25,2.93,2.78,2.26,1.48,0.30,-1.00,-3.42,-2.01,-1.97,-2.19,-2.21,-1.85,-1.71,-1.72,-1.93,-2.19,-1.70,-1.26,-1.35,-1.77,-0.97,0.22,0.88,0.92,0.04,-0.15,-0.47,-1.40,-0.91,-2.16,-4.01,-1.72,-2.66,-4.45,-3.04,-1.15,-3.52,-4.83,-4.65,-3.74,-3.57,-3.90,-4.02,-3.77,-4.31,-6.18,-6.67,-7.41,-7.43,-7.46
5.61,5.95,7.98,7.45,6.19,5.09,4.66,4.55,4.61,4.59,4.56,5.06,5.34,5.25,4.15,3.51,5.40,7.48,7.17,6.54,4.38,2.61,3.47,2.36,0.79,1.34,1.28,2.17,2.32,2.21,2.61,2.34,1.95,1.32,-0.29,-0.71,-1.98,-2.77,-2.19,-2.77,-1.91,-1.06,-0.66,-1.13,-2.25,-3.14,-2.63,-2.28,-2.40,-3.14,-3.15,-2.20,-1.71,-3.12,-3.42,-2.81,-2.75,-2.69,-1.85,-3.26,-4.55,-3.04,-5.05,-5.53,-2.69,-1.12,-2.80,-4.22,-4.40,-3.71,-4.11,-4.94,-4.92,-4.61,-5.13,-6.04,-6.49,-6.76,-7.14,-7.92
3.54,11.19,6.10,8.07,6.37,5.52,5.34,5.25,5.16,5.42,5.30,5.72,6.21,6.00,5.49,5.46,5.57,6.47,7.83,7.48,4.77,5.48,6.42,0.95,-0.56,0.09,0.86,1.90,2.57,2.56,2.37,1.72,1.18,0.49,-1.24,-2.75,-4.07,-4.30,-4.65,-3.55,-2.12,-0.97,0.13,0.01,-2.18,-2.54,-2.87,-2.50,-2.90,-3.30,-4.63,-4.58,-4.75,-5.67,-6.01,-5.25,-4.27,-3.48,-3.34,-4.10,-4.90,-5.25,-5.42,-4.59,-2.91,-1.78,-2.31,-3.71,-4.32,-3.81,-4.90,-5.53,-5.34,-5.36,-5.64,-6.00,-6.28,-6.24,-7.31,-8.35
5.46,4.69,6.68,5.04,4.64,5.03,5.66,5.87,5.82,6.10,6.18,6.27,6.20,6.34,6.25,6.06,6.16,6.56,7.46,4.73,4.90,8.44,5.69,1.17,-0.28,-0.13,0.61,1.59,2.72,2.84,2.26,1.55,0.73,-0.36,-1.87,-3.12,-3.94,-4.59,-4.34,-3.45,-2.30,-1.15,0.27,0.17,-0.74,-3.11,-1.69,-2.68,-3.32,-3.45,-5.07,-6.03,-6.05,-6.16,-6.27,-5.87,-4.99,-4.16,-4.24,-4.93,-5.05,-5.71,-5.66,-4.86,-4.26,-3.92,-4.08,-4.13,-4.19,-3.95,-5.55,-6.33,-6.19,-6.04,-6.16,-6.31,-6.34,-6.59,-7.52,-8.12
7.99,8.13,5.45,0.44,2.34,3.79,5.53,6.39,6.61,6.66,6.75,6.49,6.11,6.46,6.71,6.45,7.29,7.70,7.15,4.22,6.95,6.98,4.80,2.21,0.28,-0.02,1.11,2.13,3.05,2.99,2.29,1.69,0.88,-0.26,-1.80,-2.43,-2.39,-2.80,-3.57,-2.79,-1.90,-0.67,0.61,-1.15,-3.91,-4.62,-3.46,-3.63,-3.73,-4.00,-5.20,-5.97,-6.23,-6.30,-5.93,-5.92,-5.23,-4.76,-4.92,-5.06,-5.05,-5.29,-6.10,-5.87,-5.41,-5.67,-5.36,-5.18,-4.79,-4.72,-6.65,-7.10,-6.98,-6.71,-6.42,-6.47,-6.86,-6.92,-7.13,-8.30
8.26,8.74,5.68,0.34,1.46,3.34,5.29,6.70,7.14,7.18,6.98,6.78,6.33,6.17,6.95,7.57,7.85,8.04,7.45,4.67,7.81,6.96,5.55,3.21,1.29,0.87,1.91,2.98,3.78,3.48,2.50,1.89,1.27,0.24,-1.11,-1.53,-1.21,-1.32,-2.53,-2.27,-1.52,-0.33,0.55,-3.94,-5.40,-5.80,-5.21,-4.35,-3.93,-4.35,-5.30,-5.58,-5.99,-6.35,-5.79,-6.11,-5.64,-5.35,-5.58,-5.90,-5.45,-5.34,-6.12,-6.34,-6.29,-6.57,-6.19,-5.92,-6.12,-6.37,-7.29,-7.41,-7.11,-7.09,-6.74,-6.80,-7.48,-7.32,-7.47,-8.24
6.70,7.56,7.38,4.23,3.51,4.51,5.83,6.99,7.58,7.58,7.54,7.23,6.11,6.16,7.11,7.97,8.06,7.91,7.19,4.83,7.13,7.71,6.16,2.95,2.94,2.34,3.20,2.35,4.09,4.96,3.29,2.21,1.55,0.43,-0.36,-0.67,-0.69,-1.04,-1.90,-2.07,-1.47,-0.13,-0.88,-5.59,-5.53,-4.68,-5.00,-4.37,-3.93,-4.40,-5.12,-5.43,-5.76,-6.33,-6.10,-6.11,-6.22,-6.10,-6.51,-6.45,-6.06,-5.81,-6.18,-6.53,-6.84,-6.95,-6.83,-6.41,-7.02,-6.92,-7.28,-7.33,-7.27,-7.24,-6.83,-7.15,-7.46,-7.49,-7.49,-8.16
5.41,5.92,6.29,5.52,4.91,5.89,6.60,7.17,7.41,8.09,8.72,6.75,5.75,6.17,7.24,7.19,6.95,6.84,6.25,3.03,5.61,8.10,6.26,4.41,4.74,2.38,2.16,1.34,4.48,5.77,3.46,2.42,1.86,0.30,0.01,-0.12,-0.19,-0.66,-1.09,-1.36,-0.94,-0.09,-2.15,-6.70,-6.57,-4.45,-5.13,-4.24,-3.63,-3.74,-5.41,-5.44,-5.69,-6.41,-6.37,-6.28,-6.41,-6.49,-6.61,-6.38,-6.26,-6.30,-6.30,-6.98,-6.70,-6.80,-6.90,-6.84,-6.99,-6.58,-7.21,-7.31,-7.51,-7.40,-6.96,-6.98,-7.13,-7.30,-7.68,-8.11
6.70,5.01,4.15,4.60,5.09,6.05,6.92,6.99,6.99,7.79,7.92,6.33,5.98,6.31,7.01,6.40,5.89,4.81,3.81,4.39,5.48,5.03,3.55,2.79,3.39,1.71,1.48,2.29,3.48,4.85,2.13,1.92,1.99,0.40,0.29,0.17,0.06,-0.19,-0.77,-1.00,-0.52,-1.22,-2.83,-5.85,-5.44,-5.90,-5.42,-4.35,-3.16,-3.10,-5.50,-5.54,-5.62,-6.46,-6.49,-6.35,-6.24,-6.29,-6.20,-5.93,-6.23,-6.64,-6.88,-7.14,-6.61,-6.94,-7.05,-6.84,-6.89,-6.99,-7.42,-7.61,-7.51,-7.73,-7.24,-6.97,-7.02,-7.20,-7.61,-7.57
6.91,2.85,2.14,3.89,4.83,5.58,6.45,6.51,6.60,7.62,6.30,5.59,5.51,5.91,6.39,5.76,4.54,2.84,1.48,5.26,5.49,4.80,2.72,2.69,2.71,2.70,0.83,1.72,5.57,5.93,1.14,1.15,1.68,0.70,0.77,0.63,-0.01,-0.02,-0.74,-1.20,-0.48,-1.84,-3.30,-3.93,-5.34,-6.10,-5.52,-4.33,-3.10,-3.04,-4.91,-5.35,-5.67,-6.40,-6.23,-6.25,-6.21,-6.32,-6.09,-6.06,-6.15,-6.76,-7.44,-7.45,-6.57,-6.80,-6.83,-6.85,-7.14,-7.36,-7.40,-7.59,-7.77,-7.56,-7.14,-6.97,-6.90,-6.99,-7.13,-6.85
4.83,-0.34,0.82,3.36,4.26,4.94,5.87,6.13,6.30,6.62,5.52,5.13,4.87,5.57,5.75,5.37,4.35,2.44,0.86,7.06,4.07,3.02,2.89,2.65,2.60,2.00,-0.09,1.62,9.29,3.41,0.47,0.77,1.38,1.02,1.19,1.25,0.10,-0.33,-0.42,-0.65,-1.85,-3.30,-4.06,-4.59,-5.40,-5.71,-5.29,-4.33,-3.46,-3.14,-4.47,-4.73,-5.43,-5.87,-5.95,-5.85,-6.13,-6.89,-6.44,-6.44,-6.31,-6.98,-7.41,-7.33,-6.54,-6.60,-6.77,-7.07,-7.40,-7.22,-6.93,-7.05,-7.03,-6.90,-6.81,-6.70,-6.68,-6.89,-6.82,-6.35
1.19,-0.19,2.67,3.24,3.90,4.34,5.05,5.69,5.63,5.70,5.02,4.63,4.97,5.62,4.88,4.36,4.84,3.48,1.04,8.13,2.88,3.24,5.11,2.76,2.71,2.38,0.82,5.83,5.93,1.47,-0.51,0.45,1.19,1.27,1.26,1.38,0.35,-0.97,-0.65,0.28,-2.40,-4.86,-2.73,-3.49,-4.26,-4.74,-4.63,-4.21,-3.67,-3.40,-3.69,-4.39,-4.85,-5.14,-5.38,-5.21,-6.01,-7.07,-6.64,-6.71,-6.50,-6.73,-7.05,-7.08,-6.66,-6.25,-6.35,-6.89,-6.97,-6.79,-6.52,-6.37,-6.32,-6.22,-6.08,-6.10,-6.36,-6.54,-6.17,-5.64
3.41,1.10,2.98,4.32,4.27,4.20,4.30,4.90,4.89,4.73,4.55,4.46,5.08,5.35,4.49,3.72,3.74,2.43,1.69,6.17,2.61,5.15,4.47,3.18,3.42,2.10,4.47,3.80,2.07,-0.88,-1.37,-0.10,0.78,1.14,1.15,1.31,0.19,-1.24,-0.85,-0.75,-3.14,-5.00,-1.40,-2.59,-3.01,-3.57,-3.72,-3.92,-3.76,-3.41,-2.70,-3.78,-4.01,-4.50,-4.69,-4.99,-5.63,-6.37,-6.54,-6.75,-6.69,-6.25,-6.42,-6.58,-6.33,-5.92,-5.63,-5.72,-5.96,-5.95,-5.52,-5.24,-5.15,-5.00,-4.91,-5.22,-5.55,-5.40,-4.80,-4.34
4.99,3.18,3.77,5.03,4.56,4.55,3.89,4.14,4.19,4.02,4.10,4.54,5.19,4.91,4.72,6.18,4.00,3.14,5.96,7.16,2.67,5.59,4.09,3.46,2.54,7.24,5.87,2.94,-0.71,-2.12,-0.92,-0.46,0.23,0.75,1.21,1.45,0.55,-0.79,-0.71,-1.37,-3.42,-4.52,-2.04,-2.95,-2.47,-2.31,-2.68,-3.20,-3.47,-3.17,-2.71,-2.59,-2.62,-2.67,-4.01,-5.05,-5.29,-5.74,-6.35,-6.51,-6.53,-6.28,-5.91,-5.80,-5.81,-5.80,-5.47,-4.72,-4.56,-4.54,-3.79,-3.56,-4.18,-4.25,-4.18,-4.28,-4.14,-3.61,-3.00,-2.67
3.77,6.35,6.13,3.93,3.02,3.99,4.14,3.81,3.72,3.53,3.83,4.56,5.12,4.53,3.64,6.22,3.65,5.86,5.49,7.29,2.26,5.83,2.78,5.42,7.27,9.63,5.00,1.72,-0.86,-1.20,0.68,0.61,0.10,0.37,1.16,1.63,1.34,0.39,-0.05,-0.37,-1.68,-2.81,-2.31,-2.32,-1.91,-1.24,-0.33,-1.36,-2.66,-2.74,-2.26,-1.80,-1.57,-2.27,-4.77,-5.07,-4.80,-5.52,-5.77,-5.89,-5.94,-5.66,-5.18,-5.13,-5.12,-5.25,-5.33,-4.80,-4.46,-4.09,-3.53,-3.66,-4.00,-3.59,-3.20,-2.80,-2.13,-1.47,-1.10,-0.87
3.99,6.14,7.75,1.98,3.35,2.06,3.01,3.48,3.34,3.38,3.76,4.22,4.17,3.32,5.33,5.67,2.28,7.56,6.39,9.17,2.27,4.11,5.17,5.65,9.26,9.69,2.98,2.38,2.03,1.50,-0.10,0.40,0.61,0.45,0.90,1.82,2.28,1.76,1.61,1.19,1.00,0.90,0.36,-0.07,-0.20,-0.12,0.36,0.12,-0.93,-1.79,-1.48,-1.22,-1.48,-2.70,-4.42,-4.43,-4.43,-4.76,-4.91,-4.83,-4.82,-4.47,-4.10,-3.99,-4.12,-4.31,-4.37,-4.15,-3.85,-3.25,-2.83,-2.84,-2.52,-1.99,-1.44,-0.60,0.30,0.54,0.41,0.50
6.30,6.46,5.81,1.85,1.89,0.15,-0.08,2.51,3.33,3.05,3.18,3.22,2.03,1.26,5.63,3.87,1.27,3.89,5.06,4.08,6.49,7.08,4.93,5.47,10.81,7.54,0.27,1.53,3.50,2.19,-0.17,0.06,0.92,1.13,1.37,2.04,2.55,2.52,2.81,2.45,2.38,3.47,3.90,3.07,2.19,1.52,0.88,0.43,0.06,-0.41,-0.53,-0.33,-0.70,-1.51,-2.83,-3.36,-3.87,-3.53,-3.35,-3.23,-3.11,-2.99,-2.69,-2.59,-2.78,-2.98,-3.12,-2.92,-2.34,-1.60,-1.09,-0.89,-0.70,-0.18,0.73,1.62,1.20,-0.23,-0.68,-0.41
5.24,6.65,3.64,0.43,1.12,-2.07,-2.09,0.36,2.06,2.21,1.78,1.95,0.53,1.13,5.44,2.20,0.62,2.35,2.52,1.60,5.72,6.42,5.87,9.37,12.76,2.86,-0.10,1.40,2.68,1.05,-1.41,-1.04,0.79,2.01,2.23,2.27,2.47,2.66,2.75,2.46,2.51,6.38,7.20,5.71,3.64,3.07,2.02,0.99,0.53,0.48,0.52,1.05,0.69,-0.01,-1.04,-2.08,-2.60,-2.09,-1.60,-1.43,-1.28,-1.25,-1.28,-1.46,-1.55,-1.56,-1.49,-1.30,-0.98,-0.64,-0.46,-0.27,0.23,0.95,1.72,1.37,0.49,0.05,0.07,0.08
3.07,3.18,1.78,-0.43,-0.22,-2.08,-1.48,-0.07,0.10,0.58,0.59,-0.08,-0.88,1.91,6.26,2.04,1.87,3.25,2.39,2.66,8.71,7.45,8.23,9.35,8.45,5.21,2.85,2.81,1.32,0.89,-0.72,-0.28,0.63,1.06,1.37,2.46,2.57,3.01,3.18,1.98,0.25,4.42,3.18,3.85,2.82,3.08,2.79,1.98,1.56,1.53,1.89,2.59,2.22,1.43,0.88,0.10,-0.51,-0.29,0.18,0.44,0.81,0.90,0.40,-0.86,-1.45,-1.19,-0.79,-0.60,-0.53,-0.36,-0.23,0.18,0.92,1.57,1.74,1.76,1.15,0.90,1.38,1.80
0.80,-0.05,-1.17,-3.01,-3.26,-3.97,-3.72,-2.45,-1.37,-0.07,-0.21,-0.98,-0.96,1.70,8.06,2.97,2.29,-1.37,5.05,7.03,9.00,8.85,8.92,5.69,4.88,5.21,1.79,2.11,2.54,1.39,-0.42,-0.32,0.39,1.69,2.86,2.69,2.28,4.41,4.13,3.54,0.80,3.95,-1.97,-2.73,-0.19,1.79,2.55,2.61,2.67,3.03,3.40,3.78,3.30,2.36,2.05,1.96,1.89,1.91,1.90,1.98,2.52,2.53,1.76,0.09,-1.03,-0.94,-0.48,0.04,0.44,0.80,1.16,1.80,2.51,2.95,3.01,3.03,2.55,2.32,2.65,3.24
-3.65,-5.67,-5.74,-4.88,-3.95,-3.32,-2.69,-0.34,1.54,0.83,-0.62,-1.52,-0.59,0.44,6.28,3.92,1.23,-3.31,2.34,8.29,11.32,10.94,7.07,7.25,8.11,4.02,1.04,4.64,3.71,1.46,-0.66,2.02,2.71,3.01,4.82,2.88,1.71,5.04,6.00,4.35,4.95,5.97,-3.31,-3.99,-1.76,0.74,2.28,2.96,3.30,3.71,4.11,4.43,4.21,3.34,3.05,3.27,3.61,3.71,3.28,3.05,3.44,3.37,2.34,0.92,0.35,0.54,1.01,1.62,2.13,2.44,2.64,3.06,3.66,4.08,4.30,4.51,4.59,4.61,4.54,4.77
-3.56,-5.81,-5.92,-4.32,-3.02,-2.66,-1.09,1.24,2.66,-0.32,0.04,-0.04,0.71,0.72,1.48,5.48,0.08,-2.22,-1.01,6.58,9.40,10.84,4.21,6.22,3.11,-0.49,0.34,3.58,4.11,2.17,3.31,6.89,4.89,1.15,9.73,2.09,1.17,4.04,4.11,6.09,6.28,8.12,2.37,-0.88,-0.37,1.42,2.94,3.68,3.97,4.06,4.17,4.42,4.68,4.43,4.15,4.42,4.86,4.88,4.56,4.27,4.18,4.12,3.37,2.59,2.51,2.70,2.92,3.40,3.87,4.10,4.06,4.19,4.62,5.10,5.55,6.08,6.76,7.30,7.21,7.01
-3.82,-3.96,-4.44,-4.51,-2.58,-1.68,-1.84,0.57,3.62,5.16,8.29,9.15,5.39,0.86,-1.62,-0.14,0.82,0.93,-2.04,2.32,5.06,2.88,-3.89,-5.55,-4.13,-1.67,-0.63,3.11,3.93,3.25,4.07,5.22,1.75,1.65,5.57,1.18,2.49,2.60,2.16,5.76,6.06,7.22,7.95,6.45,5.14,4.71,5.14,5.10,5.21,5.19,4.85,4.57,4.85,5.36,5.56,5.84,6.16,6.18,5.88,5.55,5.32,5.12,4.75,4.47,4.55,4.69,4.70,4.89,5.35,5.82,6.01,5.60,5.62,6.24,6.78,7.44,8.23,9.09,9.53,9.26
-3.61,-2.08,-3.71,-7.08,-4.40,-3.31,1.88,10.42,7.71,8.01,7.32,10.24,9.18,4.33,0.74,-1.61,-0.40,3.71,3.21,4.58,3.17,-3.63,-5.55,-3.38,1.53,1.56,0.17,0.45,1.23,1.68,2.06,3.17,2.55,1.52,3.89,1.98,1.82,1.87,4.18,6.32,7.20,4.26,4.68,4.01,3.67,4.43,5.33,6.80,6.98,6.80,6.85,6.25,6.04,6.46,7.01,7.57,7.86,7.79,7.42,6.92,6.54,6.34,6.07,5.97,6.10,6.30,6.29,6.14,6.98,7.33,7.51,7.13,7.04,6.89,6.83,7.51,8.34,8.74,8.96,8.23
-1.60,-0.46,0.53,0.10,1.43,4.61,8.42,10.62,10.69,8.50,7.31,6.00,4.57,4.30,1.75,-1.68,-0.61,3.42,3.73,1.73,1.31,-0.71,-0.17,0.79,8.76,5.24,0.40,0.80,1.15,2.65,4.30,5.81,3.00,1.12,3.19,6.90,2.87,2.10,4.74,5.13,3.11,5.67,2.36,1.51,1.98,3.04,4.26,5.95,7.75,8.53,8.57,7.88,7.81,8.16,8.65,9.33,9.79,9.89,9.43,8.50,7.82,7.53,7.24,7.28,7.44,7.67,7.75,7.58,7.51,8.12,8.79,8.37,7.74,5.28,4.26,4.85,5.37,5.64,5.14,1.36
2.25,1.07,4.93,5.59,4.46,5.85,5.95,6.27,5.24,6.51,8.44,5.88,6.76,4.13,1.83,1.86,0.38,3.13,0.36,0.57,-1.86,-1.70,-1.75,5.10,6.79,4.94,2.33,2.57,2.43,3.26,4.81,6.12,2.52,1.54,2.37,3.13,1.96,2.13,6.20,6.92,2.52,1.98,1.51,1.59,2.13,3.05,4.01,5.23,6.23,7.23,7.26,6.87,7.23,7.92,9.38,11.37,12.87,12.87,11.48,9.83,8.99,8.61,8.50,8.41,8.51,8.76,8.91,8.81,8.71,9.10,9.76,9.26,5.55,0.65,0.55,0.81,1.13,1.24,-1.26,-5.20
1.98,2.15,3.66,5.58,6.99,6.93,6.29,6.42,5.49,4.56,4.91,5.68,7.06,4.35,4.25,0.64,1.28,-2.18,-2.59,-2.65,-2.11,-1.63,-1.17,-3.67,5.04,4.39,3.32,3.81,3.76,3.72,5.03,3.56,2.39,1.30,0.74,0.28,5.57,2.88,3.14,2.74,0.54,0.34,0.99,1.62,2.05,2.64,3.00,3.14,2.94,2.61,2.44,2.99,3.25,3.76,5.19,7.91,12.05,14.50,14.37,12.21,10.74,9.61,9.26,8.89,8.87,9.25,9.62,9.64,9.97,10.31,9.38,2.92,-2.05,-1.85,-0.92,-0.55,-0.15,-0.99,-5.02,-6.54
3.98,4.78,6.38,7.24,7.17,7.53,7.37,6.93,6.12,5.34,4.70,0.12,-0.47,5.43,4.09,-0.95,-1.01,-4.83,-3.09,-1.45,-1.29,-1.30,-0.73,-2.22,-3.36,5.37,3.83,5.03,5.04,2.24,3.07,3.14,2.97,1.35,2.17,1.59,1.36,0.31,0.64,0.52,0.13,0.63,1.16,1.29,1.34,1.24,1.11,1.11,1.08,0.87,0.65,2.23,2.91,2.34,2.05,2.30,3.86,5.88,8.84,11.83,13.35,12.48,10.37,9.40,9.04,9.39,10.15,10.54,10.00,6.91,-0.89,-4.13,-2.67,-1.49,-1.06,-0.53,-0.36,-1.72,-4.76,-5.55
6.99,7.71,4.80,1.79,2.91,4.90,6.22,6.87,6.23,5.82,2.52,-3.47,0.10,4.67,-5.80,-3.76,-1.74,-3.83,-2.94,-1.48,-1.97,-3.14,-1.56,1.30,-1.68,1.14,3.18,3.41,4.33,4.19,3.30,2.36,2.04,2.02,2.21,1.15,-0.55,-0.42,0.45,0.99,1.08,1.93,1.91,1.81,1.38,0.72,0.47,1.31,2.09,2.50,2.59,4.32,3.82,3.15,2.31,0.89,1.03,1.91,2.99,3.64,4.89,6.18,7.48,8.45,9.45,9.88,9.90,5.97,-0.86,-5.37,-5.00,-2.78,-1.64,-1.31,-1.00,-0.39,-0.22,-1.12,-3.34,-5.18
1.12,0.24,-5.98,-5.04,-3.41,-1.85,1.74,5.18,6.09,4.19,-2.57,-3.28,-0.48,-1.28,-2.64,-2.25,-3.03,-3.60,-2.72,-1.14,-1.25,-1.18,-0.04,1.63,1.31,3.08,4.45,5.61,6.18,5.09,4.78,3.58,3.70,2.83,1.77,0.77,0.34,1.00,1.73,2.06,2.47,3.43,3.45,3.12,2.44,1.95,2.01,3.18,4.84,6.09,6.37,5.66,5.30,4.83,5.37,2.08,2.59,1.90,2.54,2.89,2.22,2.27,3.06,3.45,1.83,-0.33,-3.32,-6.05,-6.17,-4.62,-2.84,-2.04,-1.96,-2.14,-1.93,-0.92,-0.20,-0.63,-2.97,-4.81
