demo/2020062318_T_SFC.json
{"header": { "refTime": "2020-06-23T18:00:00.000Z", "parameterCategory":  0, "parameterNumber":   0, "surfacelType": 104, "surfacelValue":        0.0, "forecastTime":    0, "scanMode": 0, "nx": 101, "ny": 61, "lo1": 80, "la1": 60, "lo2": 180, "la2": 0, "dx": 1, "dy": 1 }, "data":
[rows 0 to 31 of 61, columns 0 to 70 of 101]
302.12,301.94,301.84,301.80,301.66,301.12,300.59,300.95,301.32,301.56,301.67,301.81,301.53,301.03,301.62,301.88,301.41,301.28,301.45,301.42,295.21,296.17,296.79,299.48,300.35,300.94,301.04,301.06,300.31,300.13,298.62,297.80,297.51,295.70,295.06,295.51,298.42,298.45,302.11,302.15,300.47,302.36,302.00,301.67,300.96,301.91,301.56,301.63,300.84,301.69,301.35,300.18,301.47,301.48,301.86,301.81,301.73,301.93,302.38,302.44,302.41,302.42,302.35,302.22,302.20,302.21,302.26,302.37,302.55,302.85,303.02
301.92,301.78,301.73,301.66,301.70,301.54,301.17,301.04,301.20,301.44,301.83,301.71,301.76,301.56,301.73,301.56,300.82,301.18,301.28,299.24,295.39,297.03,299.36,300.98,300.58,301.12,301.53,301.52,301.07,299.58,296.57,297.56,297.36,296.22,295.00,295.06,294.59,299.20,300.80,301.62,301.58,295.91,296.75,299.59,298.84,299.98,301.66,301.51,297.91,301.51,301.67,301.79,301.88,301.80,301.84,302.03,302.17,302.38,302.53,302.37,302.39,302.45,302.40,302.22,302.06,301.92,302.04,302.32,302.73,303.11,303.12
302.02,301.92,301.82,301.74,301.65,301.64,301.47,301.26,301.17,301.54,301.84,301.88,301.93,301.88,301.87,301.24,300.79,301.64,301.16,293.54,296.74,299.51,301.41,299.25,298.95,301.34,301.80,301.77,301.64,301.41,301.07,301.41,298.48,297.73,296.27,293.56,294.66,297.21,301.01,302.35,302.23,302.35,302.64,302.55,302.38,302.15,301.88,301.81,301.01,301.73,301.74,301.76,301.88,301.91,301.91,302.02,302.14,302.11,302.21,302.34,302.43,302.52,302.52,302.45,302.04,301.85,302.21,302.52,302.84,302.83,302.81
302.04,301.92,301.86,301.81,301.68,301.50,301.58,301.29,301.41,301.50,301.59,301.74,301.84,301.88,301.82,301.52,301.42,301.12,293.92,295.19,300.80,302.20,297.81,297.42,301.45,301.70,301.70,302.07,302.18,302.10,301.94,302.03,301.46,299.63,297.31,292.82,294.86,298.61,302.46,302.29,302.17,302.21,302.15,302.19,302.09,301.89,301.79,301.74,301.98,302.05,301.80,301.95,301.95,301.92,301.87,301.85,302.07,302.03,302.21,302.43,302.49,302.52,302.55,302.70,302.18,302.30,302.54,302.71,302.88,302.76,302.77
302.09,301.98,301.97,301.92,301.57,301.52,301.54,301.21,301.22,301.34,301.02,301.26,301.67,301.83,301.85,301.63,301.48,290.85,295.76,301.13,301.91,299.67,296.77,297.56,302.22,302.47,302.30,302.29,302.08,302.10,302.07,302.02,302.06,301.98,299.72,294.90,294.41,299.52,301.98,302.36,302.21,302.12,301.98,301.93,301.84,301.66,301.76,301.81,301.88,302.01,301.81,302.19,302.21,301.92,301.75,301.81,302.00,302.15,302.19,302.38,302.60,302.50,302.56,302.69,302.55,302.51,302.60,302.69,302.72,302.73,302.59
302.02,301.87,301.90,302.08,301.83,301.44,301.37,301.15,301.07,301.48,301.22,301.31,301.60,301.74,301.77,301.48,293.73,296.07,301.00,302.37,302.18,295.65,295.75,297.58,302.42,302.50,302.43,302.38,302.30,302.38,302.21,301.97,301.85,301.90,301.69,300.78,295.80,295.86,298.01,300.96,302.20,302.07,302.06,301.95,301.99,301.97,301.85,301.83,301.90,301.78,301.99,302.42,302.18,301.80,301.63,301.61,301.82,302.10,302.09,302.28,302.60,302.44,302.42,302.49,302.44,302.45,302.61,302.60,302.60,302.56,302.32
301.59,301.06,302.27,302.05,301.71,301.61,301.49,301.34,301.32,301.41,301.21,301.29,301.39,301.53,301.60,301.94,302.18,301.82,301.95,302.00,301.67,296.08,298.87,302.08,302.28,302.34,302.38,302.32,302.21,302.27,302.07,301.92,301.89,301.85,301.65,301.88,299.18,295.67,301.25,302.05,302.24,301.88,302.02,302.15,301.45,296.87,301.26,301.82,301.91,301.95,302.21,302.29,301.80,301.78,301.77,301.81,301.99,302.10,302.05,302.07,302.20,302.27,302.29,302.37,302.34,302.31,302.39,302.30,302.34,302.38,302.34
300.08,294.86,301.70,301.66,301.57,301.43,301.56,301.42,301.41,301.23,301.30,301.24,301.42,301.35,301.32,301.99,301.90,301.82,301.71,301.85,300.11,300.47,302.23,302.24,302.20,302.35,302.40,302.33,302.29,302.19,302.02,301.99,301.97,302.01,301.82,301.95,302.15,301.64,302.46,302.17,302.08,302.12,300.75,302.29,299.35,295.53,297.96,301.67,302.09,302.20,302.19,302.02,302.01,302.06,302.07,302.13,302.11,302.09,301.95,301.99,301.95,302.13,302.37,302.30,302.20,302.17,302.16,302.13,302.21,302.18,302.17
301.09,298.53,302.18,301.98,301.79,301.79,301.31,301.15,301.16,300.88,300.89,301.01,301.37,301.47,301.59,301.53,301.84,301.86,301.89,300.56,300.54,302.61,302.24,302.11,302.28,302.46,302.45,302.37,302.29,302.22,302.10,302.11,302.12,302.08,301.99,302.04,302.32,302.37,302.37,302.21,302.12,302.21,301.81,298.95,297.74,292.67,297.05,301.83,302.19,302.35,302.21,302.04,302.21,302.22,302.18,302.16,302.07,301.89,301.96,302.01,302.07,302.15,302.14,302.22,302.12,302.13,302.08,302.09,302.15,302.08,301.99
302.37,302.05,302.93,302.29,301.86,301.70,301.53,301.18,301.06,300.93,300.81,300.88,300.95,301.24,301.52,301.39,301.67,301.89,301.79,298.40,301.27,302.46,302.11,302.14,302.37,302.39,302.56,302.51,302.25,302.32,302.30,302.22,302.21,302.11,302.20,302.44,302.41,302.70,300.62,302.24,302.17,302.26,302.42,301.51,302.46,298.96,297.44,302.26,302.28,302.34,302.16,302.31,302.36,302.33,302.24,302.15,301.98,301.93,301.95,302.14,302.26,302.10,302.11,302.22,302.15,302.12,302.14,302.15,302.11,302.01,301.89
303.07,303.47,302.59,302.14,301.98,301.95,301.81,301.32,301.29,301.11,300.89,300.72,300.82,301.09,301.40,301.40,301.67,301.90,301.95,298.97,302.82,302.36,302.01,302.16,302.31,301.97,302.32,302.67,302.52,302.28,302.30,302.33,302.35,302.37,302.45,302.53,302.63,302.74,302.98,301.08,302.29,302.33,302.98,299.34,300.48,301.19,301.95,302.49,302.34,302.25,302.17,302.68,302.58,302.46,302.35,302.30,302.24,302.13,302.04,302.31,302.20,302.17,302.07,302.01,301.91,301.82,301.84,302.01,301.97,301.94,301.87
302.97,302.71,302.20,302.09,302.17,302.06,301.62,301.48,301.46,301.49,301.18,300.91,300.89,301.08,301.34,301.58,301.73,301.85,301.90,298.93,302.80,302.54,302.24,301.74,298.84,301.06,303.22,300.90,299.28,302.23,302.45,302.42,302.38,302.54,302.70,302.70,302.76,302.80,302.88,303.02,302.65,302.59,300.56,301.13,301.48,299.38,302.15,302.35,302.26,302.01,302.19,302.59,302.46,302.20,302.20,302.31,302.29,302.22,302.06,302.08,302.08,302.03,301.95,301.79,301.70,301.62,301.71,301.89,301.77,301.86,301.79
303.03,302.35,302.38,302.22,302.09,302.10,301.96,301.69,301.59,301.69,301.24,301.12,301.21,301.32,301.32,301.39,301.58,301.68,301.75,298.50,300.89,302.92,302.38,297.48,298.12,301.40,301.52,298.57,294.53,297.26,302.65,302.54,302.39,302.46,302.67,302.82,302.94,302.96,303.04,303.24,302.68,302.85,303.03,302.99,301.56,298.94,302.40,302.18,302.15,302.00,302.31,302.59,302.33,302.04,302.04,302.19,302.32,302.13,301.96,301.86,301.76,301.71,301.65,301.76,301.67,301.60,301.75,301.78,301.80,301.85,301.78
303.25,302.61,302.77,302.44,302.25,302.22,302.10,301.97,301.72,301.76,301.47,301.46,301.76,301.68,301.68,301.58,301.52,301.51,301.57,296.31,300.79,302.00,298.98,298.98,302.25,300.68,300.87,299.36,298.06,298.46,302.62,302.63,302.47,302.35,302.52,302.73,302.91,302.96,303.07,303.27,303.30,297.83,303.14,302.33,300.97,302.18,302.42,302.16,302.18,302.07,302.57,302.68,302.39,302.15,302.13,302.24,302.37,302.26,302.15,302.04,301.87,301.55,301.53,301.85,301.71,301.67,301.63,301.83,301.92,301.89,301.88
303.70,303.11,303.08,302.66,302.43,302.28,302.10,301.99,301.91,301.87,301.76,301.71,301.99,302.00,301.77,301.68,301.55,301.60,300.64,296.78,301.46,302.41,298.80,299.63,299.83,299.95,300.36,298.88,296.63,299.04,302.64,302.68,302.57,302.39,302.38,302.49,302.67,302.90,303.13,303.32,303.28,300.28,301.97,300.28,301.57,302.30,302.26,302.17,302.18,302.11,302.60,302.78,302.54,302.21,302.14,302.25,302.38,302.28,302.31,302.19,301.96,301.71,301.78,301.96,301.93,301.72,301.64,301.85,301.91,301.91,301.90
304.91,303.34,303.27,302.76,302.44,302.25,302.09,302.02,302.05,302.06,301.96,301.90,301.95,301.91,301.76,301.66,301.71,301.94,298.50,296.08,300.08,299.42,299.45,300.14,300.05,299.63,298.12,295.87,294.48,300.58,302.77,302.71,302.61,302.49,302.39,302.35,302.44,302.66,302.86,302.97,300.58,299.33,303.03,302.46,302.25,302.20,302.28,302.18,302.08,302.17,302.38,302.82,302.62,302.38,302.18,302.16,302.37,302.40,302.37,302.40,302.21,302.00,301.79,301.91,301.89,301.76,301.77,301.91,301.95,301.94,301.74
305.84,304.11,303.29,302.83,302.50,302.29,302.14,302.04,302.09,302.15,302.07,302.04,302.01,301.99,301.89,301.81,301.84,302.12,298.79,296.06,300.29,298.97,299.97,301.17,301.34,300.11,297.55,295.18,299.14,303.07,302.97,302.76,302.69,302.58,302.45,302.23,302.19,302.35,302.50,302.48,300.41,296.41,300.89,302.50,302.35,302.30,302.33,302.18,301.96,302.01,302.28,302.65,302.66,302.45,302.31,302.19,302.41,302.69,302.57,302.29,302.17,302.08,302.06,302.04,301.99,301.88,301.91,301.94,301.95,301.79,301.67
304.44,304.63,303.50,302.91,302.66,302.45,302.24,302.15,302.10,302.23,302.22,302.18,302.21,302.23,302.36,302.46,302.45,301.70,297.26,296.55,299.84,297.79,299.48,301.27,301.11,300.51,297.99,300.29,303.45,303.24,303.04,302.83,302.86,302.74,302.55,302.30,302.18,302.22,302.27,302.39,302.87,293.53,298.71,302.70,302.53,302.51,302.51,302.35,302.09,302.05,302.16,302.28,302.49,302.40,302.27,302.24,302.41,302.62,302.48,302.17,302.18,302.10,302.03,302.19,302.10,302.10,302.03,301.89,301.94,301.96,301.99
302.79,302.55,299.71,299.70,302.65,302.67,302.43,302.26,302.25,302.39,302.38,302.36,302.56,302.66,302.49,299.70,301.29,298.93,295.48,297.01,298.99,297.62,300.29,301.46,300.83,297.25,300.17,303.32,303.43,302.80,302.75,302.83,302.87,302.83,302.71,302.56,302.39,302.36,302.36,302.36,302.25,295.81,299.20,302.93,302.79,302.67,302.59,302.39,302.27,302.25,302.11,302.10,302.28,302.35,302.31,302.19,302.32,302.39,302.39,302.25,302.16,301.98,301.76,301.98,302.22,302.29,302.09,301.90,302.00,302.14,302.17
302.57,300.77,300.22,298.55,298.86,302.55,302.58,302.47,302.42,302.50,302.49,302.51,302.62,302.68,300.97,299.44,299.92,295.38,295.16,296.60,297.14,296.50,296.64,293.55,293.88,299.01,304.65,304.15,303.43,298.36,297.62,302.22,302.61,302.67,302.76,302.76,302.76,302.71,302.56,302.52,302.57,302.65,302.61,302.83,302.92,302.81,302.54,302.04,301.78,302.08,302.34,302.17,302.20,302.19,302.09,302.22,302.24,302.38,302.32,302.23,302.23,302.13,301.96,302.01,302.26,302.17,301.87,302.11,302.14,302.11,302.11
302.52,299.90,299.36,301.07,299.08,301.18,302.47,302.47,302.58,302.63,302.57,302.51,302.52,301.97,297.33,300.63,299.19,294.02,295.20,295.75,297.05,295.19,294.37,294.03,293.53,299.35,304.97,304.52,303.87,304.04,302.29,302.02,302.30,302.43,302.50,302.67,302.84,302.97,302.87,302.71,302.78,302.88,302.85,302.73,302.82,302.93,302.48,301.80,301.29,301.29,301.80,302.21,302.27,302.10,302.04,302.17,302.22,302.34,302.38,302.31,302.49,302.47,302.24,302.29,302.38,302.27,302.21,302.25,302.32,302.24,302.18
301.15,300.50,301.16,302.19,302.65,301.21,301.07,302.42,302.56,302.58,302.50,302.44,301.89,298.57,294.23,301.55,300.83,293.99,294.67,294.51,296.44,294.34,294.52,294.85,295.54,299.32,305.13,303.19,304.01,304.76,303.74,302.75,302.22,302.30,302.33,302.41,302.59,302.61,302.90,302.94,302.90,302.90,302.79,302.76,302.74,302.74,302.65,302.27,301.92,301.62,301.71,301.92,302.25,302.35,302.00,302.20,302.33,302.23,302.30,302.15,302.32,302.39,302.42,302.55,302.62,302.48,302.44,302.42,302.40,302.34,302.24
299.57,298.65,302.16,303.11,302.86,299.62,298.74,301.73,302.81,302.64,302.36,302.20,300.69,295.78,296.74,302.59,302.33,296.57,294.71,293.45,292.93,293.75,293.92,294.50,295.64,299.96,300.89,300.19,300.53,303.02,301.35,299.51,299.99,301.38,302.16,302.30,302.48,302.47,302.61,302.81,302.80,302.07,302.78,302.70,302.66,302.48,302.51,302.61,302.48,301.99,301.91,302.21,302.04,301.92,301.82,302.12,302.43,302.20,302.25,302.15,302.15,302.44,302.54,302.60,302.65,302.61,302.57,302.59,302.52,302.30,302.01
300.87,299.18,300.46,299.70,298.24,299.20,300.92,301.81,302.76,302.82,302.54,301.83,299.49,294.99,297.02,302.82,300.87,294.84,294.59,293.34,291.83,293.12,293.87,292.91,294.27,296.55,297.43,298.81,300.96,301.23,300.37,298.88,298.48,300.07,299.65,298.47,300.02,301.74,301.81,301.94,301.68,295.27,303.94,303.45,302.95,302.56,302.46,302.40,302.36,302.28,302.01,301.93,301.69,301.26,301.34,301.32,302.05,302.15,302.19,302.19,302.18,302.53,302.56,302.50,302.63,302.72,302.48,302.39,302.33,301.94,301.76
304.26,304.64,303.17,302.07,301.79,301.01,301.85,302.18,302.76,302.58,302.52,302.17,299.70,295.77,296.09,300.70,299.32,299.23,292.64,290.74,289.89,291.09,292.47,291.76,292.46,293.62,296.91,298.26,298.52,299.78,298.57,298.64,297.79,297.73,297.01,297.62,297.69,297.96,300.80,301.21,301.51,292.63,303.05,303.23,302.84,302.52,302.28,302.25,302.28,302.17,302.13,302.04,301.70,301.22,301.22,301.69,301.86,302.00,302.16,302.19,302.08,302.57,302.74,302.56,302.62,302.72,302.26,302.06,301.83,301.35,301.21
305.43,305.49,306.09,304.65,304.32,304.45,303.72,303.07,302.72,302.50,302.13,301.40,299.98,297.68,293.69,299.62,298.38,298.74,290.53,289.39,289.17,288.76,290.52,290.85,291.22,293.34,295.68,297.57,299.80,299.92,300.23,298.33,298.03,296.80,297.43,298.04,297.52,297.06,298.80,300.27,301.08,302.42,302.26,302.45,302.53,302.25,302.12,302.02,301.79,301.71,301.74,301.71,301.60,301.35,301.41,301.26,300.78,301.43,301.96,302.02,301.95,302.26,302.67,302.63,302.50,302.17,301.78,301.86,301.55,301.17,301.03
306.60,306.29,306.02,305.09,305.40,305.79,304.88,304.65,303.96,302.85,301.64,299.54,297.76,298.70,296.88,290.91,297.06,295.53,292.26,285.53,288.84,288.79,291.31,287.75,292.03,294.84,294.98,295.54,296.45,298.56,296.01,297.81,299.63,298.93,296.12,298.56,298.02,297.43,297.63,298.22,300.05,301.10,302.20,302.04,302.23,302.08,301.98,301.28,300.23,300.17,300.50,301.00,301.28,301.20,301.51,301.56,300.47,300.39,301.35,302.11,302.00,301.89,301.84,301.79,301.97,301.75,301.64,301.68,301.48,301.26,301.06
305.10,304.57,304.87,305.10,304.25,303.10,299.55,294.81,292.38,291.97,290.13,291.55,291.56,296.18,299.00,299.45,295.56,291.32,290.83,282.58,283.15,288.32,289.11,288.97,290.07,290.60,292.63,293.61,294.61,295.80,296.25,295.86,297.62,299.23,297.76,299.43,298.89,296.88,297.40,296.96,299.24,300.13,301.02,301.40,301.28,301.15,301.15,300.46,299.66,299.61,299.66,299.98,300.55,300.99,301.25,301.60,300.83,300.01,300.46,301.45,301.58,301.25,301.08,301.11,301.34,301.40,301.38,301.59,301.51,301.29,300.89
304.77,303.91,300.65,294.74,294.83,288.78,279.56,272.27,272.76,273.72,276.48,277.99,276.60,281.83,289.90,295.46,295.11,281.90,281.57,279.70,278.91,283.49,285.15,285.32,290.19,293.10,292.94,292.44,293.23,294.11,296.56,295.50,296.49,297.94,296.97,298.97,299.23,298.05,296.62,295.73,298.87,299.43,300.13,300.56,300.49,300.36,300.44,300.37,300.02,299.51,299.58,299.50,299.55,300.01,300.58,300.92,300.66,299.96,299.53,300.00,300.63,300.59,300.49,300.73,300.87,300.81,301.00,301.24,301.25,300.93,300.59
300.11,294.56,286.27,276.63,273.62,275.45,277.88,279.71,280.68,281.04,277.14,279.44,277.75,277.62,280.09,283.90,280.34,277.79,277.76,278.78,276.80,279.71,280.33,286.84,296.01,298.64,296.82,293.37,292.22,293.19,295.03,296.48,298.24,297.93,295.46,295.78,299.34,299.05,297.23,297.30,297.73,299.52,299.98,299.78,299.79,299.51,299.49,299.94,299.87,299.35,299.11,298.79,298.51,298.60,299.04,299.61,299.91,299.78,299.03,298.82,299.51,299.83,299.93,300.08,300.11,300.17,300.55,300.68,300.57,300.37,300.12
284.96,277.79,277.79,277.82,278.46,275.31,277.07,278.16,278.39,276.99,275.61,278.38,277.61,275.85,275.96,276.10,274.22,277.36,280.26,279.06,276.98,279.45,279.35,294.36,298.64,299.04,297.26,296.17,293.11,291.84,291.52,294.62,297.95,297.94,297.68,296.85,296.99,296.22,295.33,295.93,297.67,298.99,299.71,299.17,299.06,298.44,298.52,299.13,299.44,299.15,298.82,298.33,298.16,297.77,297.74,298.07,298.43,298.76,298.71,298.36,298.52,299.03,299.26,299.37,299.43,299.58,299.84,299.74,299.60,299.66,299.53
275.92,277.43,274.78,277.10,281.23,283.11,284.18,282.87,280.67,280.27,280.63,280.42,278.47,275.80,273.44,274.90,274.74,277.95,279.08,278.64,277.90,277.89,279.45,281.98,298.27,300.93,297.63,295.63,294.80,292.90,292.03,294.25,297.14,296.67,296.77,295.63,293.99,296.18,296.45,296.82,297.51,299.38,299.53,298.42,298.42,297.71,297.81,298.17,298.88,298.86,298.64,297.90,298.69,298.02,297.52,297.13,296.97,297.12,297.57,297.90,298.15,298.36,298.62,298.65,298.67,298.78,298.91,298.67,298.49,298.74,298.89
