demo/2020060418_UV_SFC.json
{"header": { "refTime": "2020-06-04T18:00:00.000Z", "parameterCategory":  2, "parameterNumber":   3, "surfacelType": 104, "surfacelValue":        0.0, "forecastTime":    0, "scanMode": 0, "nx": 101, "ny": 61, "lo1": 80, "la1": 60, "lo2": 180, "la2": 0, "dx": 1, "dy": 1 }, "data":
[rows 0 to 35 of 61, columns 0 to 80 of 101]
4.16,4.38,4.45,4.91,5.15,5.26,5.11,4.79,4.51,4.00,3.48,3.76,4.63,4.92,3.83,2.66,1.93,1.75,2.66,3.02,3.72,3.50,2.27,5.60,4.58,1.53,1.28,1.99,2.35,1.22,0.83,2.19,3.03,3.82,2.02,0.75,0.44,1.32,1.54,0.36,1.00,3.32,3.92,4.12,2.87,2.58,2.59,3.33,4.30,7.16,7.39,5.72,4.61,0.80,-1.33,-1.00,-0.44,-0.56,-0.97,-0.68,-0.60,-0.99,-0.81,-0.28,0.05,-0.16,-0.17,0.09,0.00,-0.23,-0.73,-0.47,-0.05,0.48,1.11,1.56,1.96,2.27,1.90,1.39,1.31
4.67,4.69,4.84,5.13,5.28,5.25,5.07,4.69,4.40,4.20,3.93,3.97,3.98,3.08,1.78,0.20,-0.06,1.06,2.77,3.68,3.97,2.56,3.64,6.62,4.12,1.24,-0.24,-1.22,-0.94,-1.26,-0.52,0.80,2.20,1.00,1.88,1.43,1.35,-0.16,-0.41,-0.97,-0.05,3.33,3.61,4.59,5.39,3.95,2.05,2.34,4.03,6.21,5.71,3.46,0.90,-1.62,-2.38,-2.14,-1.68,-1.47,-1.38,-0.90,-0.03,0.40,0.46,0.58,0.62,0.59,0.73,0.64,0.20,-0.69,-0.60,0.28,0.86,1.22,1.33,1.38,1.38,1.19,1.20,1.18,0.90
5.69,5.71,5.73,5.74,5.69,5.48,5.18,4.72,4.27,3.88,3.41,2.92,2.53,1.81,0.74,-0.62,-1.14,-0.15,1.50,3.41,2.48,3.85,4.99,2.99,2.27,1.28,0.16,-0.65,-1.75,-1.96,-1.70,-2.01,-1.14,1.35,1.63,1.78,1.70,1.88,0.99,0.11,0.27,1.47,2.32,2.34,3.17,3.84,2.65,1.84,2.50,3.42,3.18,2.02,0.54,0.05,-0.23,-0.83,-1.60,-1.80,-1.56,-1.89,-1.55,0.10,0.81,1.27,1.39,1.64,1.98,1.51,0.71,-0.19,-0.55,-0.04,0.30,0.61,1.38,1.47,0.50,0.32,0.55,0.48,0.04
6.02,6.20,6.26,6.17,6.06,5.81,5.35,4.90,4.37,3.79,3.18,2.61,1.93,1.03,0.04,-1.65,-2.36,-0.84,2.59,1.90,-0.06,-0.74,0.00,0.34,1.02,1.64,1.24,0.51,-0.65,-1.90,-2.77,-3.47,-2.90,-2.34,-0.38,1.64,1.55,2.40,1.88,1.62,1.85,1.92,1.60,1.05,1.13,1.98,1.87,1.34,1.12,0.88,0.63,0.98,1.48,1.79,1.79,1.05,0.33,-0.51,-1.11,-1.71,-1.68,-0.58,0.89,2.32,2.80,2.90,2.82,2.64,1.54,0.62,0.19,-0.00,-0.04,0.46,0.37,-0.16,-0.75,-1.33,-1.14,-0.93,-0.48
5.64,5.82,6.01,6.17,6.18,5.99,5.48,5.00,4.59,4.15,3.56,2.66,1.67,1.09,1.01,0.01,-0.33,3.07,4.35,-0.61,-2.85,-3.13,-0.79,0.52,2.62,3.11,2.61,1.55,0.20,-1.32,-2.19,-2.60,-3.18,-4.10,-3.02,0.34,2.45,1.17,1.26,1.68,2.06,1.88,1.80,1.61,1.42,1.34,1.26,0.98,0.68,0.05,-0.74,-0.99,0.03,1.27,1.80,2.07,1.84,1.05,0.07,-0.87,-1.37,-0.63,0.85,2.70,3.21,3.73,3.65,3.21,2.31,1.46,1.08,0.21,-0.53,-1.17,-1.45,-1.26,-1.22,-1.67,-2.21,-1.78,-1.48
4.78,4.61,5.10,5.68,6.07,6.08,5.74,5.31,4.79,4.11,3.11,2.28,1.72,1.70,2.51,3.63,4.94,4.58,1.43,-0.88,-0.88,-0.28,1.09,2.16,4.61,4.31,3.18,2.00,0.98,-0.07,-0.97,-1.65,-2.25,-3.06,-3.92,-1.83,2.13,1.66,2.32,1.89,1.90,1.46,1.48,1.96,1.89,0.94,0.48,0.25,-0.44,-1.16,-1.88,-1.95,-0.62,1.48,2.44,2.82,3.20,2.82,2.18,1.16,0.72,1.11,1.27,0.22,0.56,2.22,3.33,3.37,2.95,2.20,1.15,-0.59,-2.43,-3.39,-3.12,-3.01,-2.81,-2.91,-2.86,-2.71,-2.47
3.33,2.32,4.99,6.43,6.59,6.43,6.20,5.97,5.44,4.66,3.62,2.64,2.15,1.93,2.02,3.74,3.82,0.42,-1.47,-1.32,-0.27,1.95,1.87,3.96,5.49,4.39,2.87,2.16,1.63,1.27,0.58,-0.39,-1.53,-3.00,-3.59,-3.21,0.70,3.31,3.02,3.07,2.16,1.48,1.46,1.91,1.90,-0.37,-0.80,-1.05,-1.76,-1.92,-2.10,-2.18,-1.01,0.93,1.65,2.17,1.88,2.22,1.35,0.64,1.92,0.87,-1.03,-1.19,-0.67,0.17,1.68,3.26,3.21,2.10,0.29,-1.61,-2.71,-3.21,-3.85,-4.14,-3.87,-3.37,-2.59,-2.62,-2.96
4.18,5.18,4.71,8.49,8.13,7.11,6.69,6.48,6.13,5.44,4.69,3.75,2.96,2.42,2.02,1.97,1.40,-0.50,-1.89,-2.25,-0.25,2.17,3.02,4.16,5.20,4.47,3.24,2.14,1.45,1.43,1.22,0.53,-0.62,-2.28,-3.29,-2.63,-0.82,2.37,2.77,2.24,1.26,0.33,0.36,1.09,1.75,0.36,-0.59,-1.31,-1.69,-1.87,-1.95,-2.62,-2.69,-0.40,0.61,0.93,0.86,0.31,-0.69,-1.18,-0.50,-0.86,-1.00,-0.06,0.77,1.26,2.69,3.35,3.00,2.02,0.51,-1.18,-1.96,-2.68,-3.47,-3.65,-3.22,-2.71,-2.98,-3.26,-3.11
6.72,2.91,2.37,9.29,9.44,7.82,6.85,6.44,6.18,5.68,4.90,4.17,3.31,2.35,1.86,1.16,-0.15,-1.14,-2.54,-2.02,-0.44,0.39,2.91,3.45,3.74,3.60,3.03,2.14,1.36,1.36,1.25,0.81,0.13,-0.96,-1.83,-1.13,0.33,1.66,1.59,1.16,0.44,-0.27,-0.43,-0.13,2.26,1.82,0.91,0.21,-0.95,-1.77,-2.37,-2.38,-2.36,-1.35,0.23,0.69,0.38,-0.47,-1.05,-1.56,-1.62,-1.42,-1.32,-1.49,-0.99,0.39,2.12,3.09,3.02,2.24,0.86,-0.40,-1.27,-2.17,-2.82,-2.94,-2.84,-3.14,-2.97,-2.80,-3.01
8.62,6.20,3.08,8.15,8.75,7.60,6.74,6.22,5.95,5.54,4.87,4.22,3.51,2.68,2.04,1.83,1.28,0.35,-0.43,0.05,0.11,0.44,1.81,2.27,2.67,2.15,2.19,2.34,2.15,2.03,1.84,1.35,1.00,0.60,0.16,0.12,0.48,1.08,1.46,0.86,0.02,-0.75,-1.13,-0.49,0.16,3.31,2.77,0.97,-0.34,-1.14,-2.20,-1.98,-1.06,-0.50,0.07,0.22,-0.25,-0.83,-1.03,-1.05,-1.26,-1.43,-1.46,-1.73,-1.89,-1.07,1.28,3.29,3.27,1.90,0.69,0.06,-0.43,-1.18,-1.81,-1.83,-2.14,-2.63,-2.61,-2.88,-3.04
10.25,8.48,6.59,6.60,7.04,6.80,6.27,5.76,5.39,5.08,4.56,4.27,4.32,3.41,2.37,1.78,2.08,2.13,1.66,0.11,0.67,1.90,2.34,2.07,1.92,1.92,1.97,2.03,2.68,2.92,2.91,2.51,2.24,1.82,1.39,1.08,0.52,-0.34,0.14,1.09,0.18,-0.93,-1.81,0.56,0.60,1.08,2.38,0.97,0.16,-0.64,-1.12,-0.78,-0.13,0.23,0.17,-0.23,-0.78,-0.94,-0.91,-0.51,-0.41,-0.91,-1.52,-1.89,-1.91,-1.03,0.31,1.68,2.26,1.17,0.43,0.24,-0.24,-0.91,-1.46,-1.66,-2.17,-2.59,-3.36,-3.26,-3.19
10.27,10.30,8.36,6.60,5.98,5.65,5.46,5.02,4.57,4.06,4.36,4.77,4.22,3.71,2.58,1.71,2.28,2.89,2.79,0.91,1.16,2.30,3.42,2.65,2.55,2.24,2.34,1.65,1.75,3.25,4.27,4.09,3.88,3.14,2.33,1.77,1.14,0.16,-0.26,0.54,0.62,-0.66,-2.02,-0.25,1.45,0.60,1.21,0.85,0.47,0.08,-0.14,0.24,0.99,1.13,0.32,-0.05,-0.32,-0.35,-0.35,-0.25,-0.12,-0.47,-1.30,-2.39,-2.92,-2.44,-1.56,-0.65,0.31,0.32,0.23,-0.04,-0.83,-1.70,-2.25,-2.47,-2.55,-2.59,-2.86,-3.18,-3.28
6.74,10.58,8.79,7.10,6.12,5.39,5.01,4.57,3.73,3.53,3.45,3.51,3.57,3.38,1.83,0.45,1.19,3.39,4.04,1.78,2.34,3.71,4.73,5.42,5.58,3.38,2.75,3.23,4.36,4.63,6.10,5.89,5.23,4.56,3.47,2.57,1.76,1.09,0.44,0.22,-0.08,-0.33,-1.64,-0.87,1.26,1.08,1.22,1.03,0.80,0.99,1.05,1.07,1.69,1.62,0.95,0.32,0.06,-0.11,-0.36,-0.50,-0.35,-0.45,-1.19,-2.27,-2.67,-2.32,-2.08,-1.64,-0.65,-0.06,-0.15,-0.67,-1.48,-2.17,-2.73,-2.96,-2.80,-2.66,-2.86,-3.25,-3.19
3.66,10.18,9.87,7.98,7.01,5.87,4.63,3.88,3.00,2.14,1.24,1.42,2.35,2.26,1.04,-0.02,0.34,1.97,4.60,4.27,2.75,3.64,4.72,3.67,4.48,3.56,3.74,4.13,3.79,3.07,6.86,7.66,6.27,5.47,4.57,3.64,2.52,1.61,1.34,0.50,-0.84,-0.89,-0.02,-0.27,0.87,1.77,1.11,0.96,0.82,0.80,1.56,2.14,2.34,2.15,1.63,1.01,0.84,0.76,0.54,0.03,-0.31,-0.17,-1.01,-1.66,-1.73,-2.03,-2.54,-2.78,-2.38,-1.95,-1.71,-1.83,-1.89,-2.51,-3.05,-3.37,-3.52,-3.51,-3.44,-3.30,-2.97
3.61,10.59,11.27,9.10,7.81,6.27,4.41,3.16,2.18,0.15,-1.46,-0.35,1.07,1.32,0.71,-0.02,0.42,1.62,3.67,4.38,2.58,2.97,3.52,3.41,3.24,3.61,3.72,3.62,3.21,3.83,7.66,9.02,7.46,6.25,5.33,4.52,3.49,2.10,1.64,1.07,-0.97,-1.41,0.67,1.19,2.08,1.53,1.12,0.98,0.58,-0.14,0.69,2.62,2.37,2.08,1.84,1.67,1.82,1.61,0.92,0.16,-0.18,-0.01,-0.45,-0.72,-0.91,-0.89,-1.37,-1.88,-2.60,-3.37,-3.54,-3.22,-3.28,-3.21,-3.22,-3.41,-3.42,-3.33,-3.20,-3.00,-2.69
3.87,11.26,11.41,10.02,8.41,6.83,4.98,3.54,2.22,-0.13,-1.82,-1.22,0.15,1.23,1.28,0.48,0.34,1.58,3.45,4.39,2.65,3.01,3.19,3.93,3.79,3.55,5.58,4.12,6.82,4.67,9.29,9.72,8.43,7.08,6.08,5.08,4.19,2.58,1.04,0.44,-0.50,-0.30,1.23,2.42,2.40,1.92,1.63,1.32,0.85,-0.21,0.08,2.01,2.15,1.90,1.65,1.19,1.16,1.12,0.51,0.12,0.20,0.19,0.04,-0.08,-0.86,-1.43,-1.41,-1.64,-2.07,-2.67,-3.10,-3.20,-2.95,-2.75,-2.76,-2.76,-2.72,-2.78,-2.82,-2.64,-2.41
2.55,9.35,10.91,9.84,8.45,7.16,5.67,4.16,2.94,1.09,-0.49,-0.86,-0.32,0.26,-0.15,-0.96,0.52,3.56,2.79,3.30,1.67,3.38,4.58,3.65,3.92,4.23,4.85,8.23,4.68,6.55,10.17,10.02,8.87,7.59,6.50,5.26,4.21,3.06,1.53,-0.66,-0.29,-0.13,1.14,2.27,2.57,2.60,2.30,1.76,1.32,0.75,0.75,2.69,3.05,2.52,1.92,1.26,0.87,0.86,0.44,0.06,-0.21,0.15,0.49,0.09,-0.84,-1.55,-1.33,-0.93,-1.02,-1.39,-1.89,-2.10,-2.07,-2.08,-2.04,-2.15,-2.51,-2.88,-2.82,-2.47,-2.10
1.12,5.30,5.38,8.29,7.96,7.03,6.04,4.81,3.69,2.26,0.53,-0.42,-0.59,-0.52,-0.97,-1.06,0.28,3.76,2.98,2.83,3.33,3.68,4.40,4.57,5.24,3.48,6.30,4.29,5.54,8.52,10.19,9.86,8.72,7.18,6.17,5.48,4.60,3.72,2.35,-0.25,-2.10,0.20,1.45,3.52,3.33,3.51,3.44,2.69,1.75,1.24,0.83,2.21,3.55,3.28,2.70,1.98,1.14,1.09,0.81,0.15,-0.04,-0.29,-0.11,0.08,-0.45,-0.93,-0.54,0.06,0.21,-0.06,-0.41,-0.54,-0.74,-0.94,-1.22,-1.74,-2.35,-2.62,-2.44,-2.11,-1.79
2.49,3.16,7.07,6.99,6.63,6.75,6.18,5.39,4.36,3.02,1.35,0.06,-0.37,-0.65,-1.56,-0.73,1.11,3.16,3.90,2.52,5.52,5.97,4.78,3.64,2.66,7.83,6.56,7.61,8.56,7.54,8.48,9.31,8.70,7.29,5.98,5.55,5.06,4.84,3.67,1.67,-0.26,1.69,2.07,4.20,4.01,3.60,4.08,4.23,3.08,2.01,1.34,0.80,2.10,3.72,4.00,2.85,2.00,1.23,0.65,0.50,0.33,0.13,-0.11,-0.45,-0.96,-1.12,-0.54,-0.32,-0.10,0.13,0.25,0.41,0.13,-0.85,-1.68,-2.30,-2.52,-2.29,-1.89,-1.57,-1.28
3.06,2.33,4.09,7.33,6.53,7.31,7.56,6.42,5.08,3.66,2.12,0.59,-0.30,-0.93,-0.65,0.22,2.26,3.47,2.64,1.13,4.93,5.21,6.32,7.87,7.92,7.77,6.75,10.08,11.26,7.88,8.67,9.34,9.26,8.08,6.60,5.42,5.11,5.29,4.75,3.55,2.00,2.16,2.22,3.55,4.26,4.01,3.69,4.43,4.81,3.62,2.34,1.57,1.10,0.99,2.71,3.22,2.68,1.87,1.21,0.97,0.61,0.19,-0.12,-0.51,-0.93,-1.23,-1.07,-0.97,-1.06,-1.06,-0.94,-1.16,-1.86,-1.97,-2.13,-2.28,-2.16,-1.75,-1.31,-0.99,-0.52
3.60,4.14,4.26,4.87,7.15,6.47,7.46,7.50,5.86,4.56,2.93,1.29,-0.26,-1.33,-0.40,0.99,2.05,1.10,1.20,1.77,3.85,4.66,6.92,5.55,6.25,6.50,7.18,11.97,11.88,9.28,7.60,9.29,9.62,8.63,7.05,5.42,4.97,5.26,5.11,4.70,3.73,3.07,3.21,3.95,4.57,4.63,3.85,3.51,5.21,5.29,4.09,2.68,1.45,0.91,2.37,3.31,2.81,1.96,1.52,1.04,0.67,0.42,0.15,-0.05,-0.24,-0.52,-0.96,-1.55,-2.17,-2.68,-2.89,-2.69,-2.34,-2.37,-2.47,-2.34,-1.81,-1.20,-0.89,-0.76,-0.55
4.52,6.04,4.75,4.85,4.23,4.76,5.68,7.78,6.76,5.14,3.43,1.60,-0.13,-1.55,-4.21,0.21,3.22,-0.51,-2.16,-1.57,2.33,5.45,4.55,4.59,3.03,5.17,7.15,9.55,9.53,8.55,6.77,10.01,9.61,8.65,7.49,6.22,5.43,5.03,4.66,3.98,3.29,2.87,3.72,4.80,5.28,5.32,4.88,3.84,4.71,6.27,5.66,4.35,3.11,2.15,2.49,3.25,3.06,2.28,1.77,1.34,0.85,0.45,0.39,0.47,0.39,0.03,-0.59,-1.41,-2.07,-2.40,-2.50,-2.51,-2.62,-2.86,-2.93,-2.62,-2.73,-3.15,-2.93,-2.31,-2.14
7.01,9.37,5.58,4.62,3.81,3.83,5.70,5.13,6.09,5.83,3.68,2.91,1.72,-1.09,-1.91,-2.48,1.73,0.41,-2.97,-2.85,-4.31,-1.76,3.03,4.63,3.32,3.28,8.16,9.12,10.15,6.66,6.21,7.47,6.91,7.52,7.25,6.58,6.21,5.70,4.65,3.32,1.22,0.97,4.06,6.06,6.34,5.99,5.77,5.01,4.46,5.71,6.53,5.97,5.19,4.23,3.52,3.37,3.45,3.11,2.52,1.87,0.98,0.29,0.14,0.46,0.59,0.22,-0.60,-1.64,-2.53,-2.90,-2.83,-2.71,-2.72,-2.91,-3.57,-3.96,-3.63,-3.00,-2.62,-2.39,-2.39
7.83,10.28,7.43,6.37,7.11,4.71,4.94,4.94,6.10,6.72,4.27,3.73,2.53,0.17,-3.05,-4.30,-2.17,-0.73,-1.18,-1.56,-4.24,-4.19,-2.62,0.03,5.74,10.07,10.13,8.52,6.17,6.61,6.13,7.59,6.50,5.66,5.33,6.08,5.33,5.56,5.49,4.55,2.06,-0.70,-0.12,7.39,7.65,6.55,6.15,5.70,4.98,5.38,6.84,7.13,6.64,6.13,5.30,4.61,4.26,3.81,3.12,2.28,1.24,0.39,0.03,0.33,0.95,0.92,0.10,-1.18,-2.13,-2.66,-2.76,-2.69,-2.64,-2.80,-3.33,-3.86,-3.32,-2.45,-2.02,-1.95,-2.11
4.87,6.24,4.71,3.09,2.08,2.50,0.94,0.58,4.21,5.63,4.42,3.82,2.94,1.47,-3.47,-2.95,-2.59,-0.72,-2.58,-2.54,-2.70,-1.90,-1.11,1.27,5.18,7.66,7.87,8.47,9.76,7.96,8.89,7.58,6.51,7.80,8.22,6.59,5.97,6.04,5.40,6.68,6.73,2.38,-0.89,5.21,6.99,6.39,6.15,5.87,5.28,5.10,6.25,7.60,7.57,7.16,6.66,5.82,5.15,4.52,3.72,2.74,1.51,0.51,0.31,1.05,1.45,1.34,0.65,-0.55,-1.64,-2.36,-2.67,-2.73,-2.76,-2.87,-3.09,-3.44,-3.53,-2.80,-2.05,-1.78,-1.67
-1.13,3.51,3.30,1.50,0.49,1.03,0.85,-0.91,0.99,5.11,4.45,2.59,1.96,1.88,-3.86,-3.92,-1.82,-1.20,-2.91,-4.63,-3.64,-0.87,2.30,1.94,2.50,5.83,6.63,8.95,11.10,11.05,7.35,10.81,11.15,9.29,7.91,7.41,7.60,7.28,6.41,6.01,9.09,7.00,4.17,4.57,5.28,5.65,5.71,5.55,5.09,4.61,5.05,6.86,8.10,8.09,7.80,7.20,6.27,5.39,4.70,3.91,2.52,0.93,0.27,1.23,1.93,1.70,0.98,-0.17,-1.26,-1.98,-2.29,-2.52,-2.88,-3.16,-3.38,-3.60,-3.59,-3.19,-2.44,-1.78,-1.31
-1.90,0.91,2.39,2.18,1.57,0.18,-0.74,-0.83,-1.25,2.90,4.35,3.75,3.20,2.89,1.47,-4.32,-3.01,-1.42,-1.32,-7.42,-7.53,-1.46,4.41,1.98,3.10,7.68,6.24,5.30,5.60,9.74,10.03,10.72,8.94,4.65,8.78,5.27,6.07,6.80,6.14,5.64,7.78,7.72,6.61,5.45,4.01,4.10,4.97,5.44,5.07,4.50,4.59,6.05,7.88,8.50,8.29,7.92,7.24,6.40,5.83,5.30,4.44,3.23,2.20,2.19,2.42,2.22,1.60,0.48,-0.82,-1.87,-2.23,-2.40,-2.85,-3.34,-3.70,-3.80,-3.48,-2.85,-2.03,-1.39,-0.89
-0.81,-0.93,0.72,1.80,0.84,-1.04,-1.75,-0.24,0.97,0.67,2.39,3.44,3.78,-0.07,0.70,0.46,-2.66,-0.63,-0.67,-2.67,-4.90,-9.09,2.17,0.56,-2.28,-3.37,-1.02,0.94,1.58,3.41,4.83,4.37,5.67,4.60,4.93,4.90,8.64,5.39,4.33,3.83,4.15,5.84,6.92,5.73,4.17,4.12,4.31,5.03,5.51,5.27,5.33,6.15,7.67,8.68,8.64,8.28,7.90,7.49,7.14,6.73,6.13,5.39,4.68,4.15,3.65,3.12,2.51,1.53,-0.08,-1.48,-2.28,-2.42,-2.72,-3.45,-4.20,-4.49,-4.23,-3.52,-1.82,-0.35,0.32
-0.14,-2.52,-0.62,1.36,-0.11,1.84,4.92,6.97,8.26,7.96,5.02,9.06,7.40,1.14,0.19,-1.32,0.14,-0.35,-0.01,-0.78,-1.97,-4.31,-1.37,-3.74,-3.88,-1.27,-2.90,-1.96,1.51,1.51,2.28,3.03,5.21,4.55,3.54,3.34,4.77,5.12,6.39,6.16,4.43,2.85,1.68,1.67,3.80,4.20,3.90,3.88,5.28,6.16,6.46,6.91,7.59,8.38,8.64,8.56,8.41,8.32,8.29,8.16,7.76,7.21,6.38,5.52,4.62,3.97,3.24,2.24,0.26,-1.05,-1.87,-2.15,-2.45,-3.14,-4.42,-5.19,-5.14,-4.57,-3.41,-1.45,1.22
2.01,0.60,3.64,7.07,9.64,10.04,10.22,8.28,9.86,10.62,11.43,10.65,7.85,4.89,4.44,1.67,1.71,0.97,1.03,-0.21,-0.60,-2.39,-4.17,-2.43,0.18,0.76,-1.11,-2.62,-0.77,1.18,0.74,1.30,3.50,4.52,4.26,5.27,4.42,4.54,5.51,4.63,3.80,3.57,2.57,3.21,3.81,4.04,3.68,2.66,2.26,4.04,6.14,6.72,6.48,6.32,6.43,6.94,7.76,8.54,9.03,9.25,8.97,8.47,7.62,6.59,5.65,5.03,4.31,3.52,1.93,0.29,-1.08,-1.44,-1.22,-1.30,-3.58,-4.86,-5.01,-4.41,-3.57,0.08,2.89
-0.23,3.22,3.88,0.51,0.45,0.81,1.13,1.54,1.90,7.06,10.63,12.24,11.66,10.17,5.80,3.54,2.75,1.11,1.25,0.48,-0.46,-1.67,-5.35,0.94,1.69,1.64,0.51,-1.49,-1.58,-1.06,-1.71,-1.44,2.70,4.46,3.74,3.70,3.86,4.34,4.85,4.69,3.97,3.45,3.62,4.32,3.99,3.41,2.75,1.70,0.84,0.14,-0.04,1.34,2.90,3.41,3.48,4.26,6.23,8.13,9.72,9.98,9.39,8.80,8.11,7.25,6.09,5.57,5.17,4.84,4.09,2.90,1.43,0.60,1.36,0.83,-1.92,-3.63,-4.44,-4.39,-1.46,2.62,3.16
-0.34,1.47,3.04,1.65,1.12,0.27,-0.17,1.02,1.47,3.07,5.57,10.88,14.24,11.64,9.13,10.98,8.15,5.17,-1.51,-2.55,-1.49,-0.51,-3.06,-4.55,-2.60,1.55,2.33,0.44,-1.23,-2.13,-1.41,0.45,2.34,3.87,3.46,3.77,5.07,4.09,3.25,2.69,2.74,2.78,3.99,4.18,3.10,2.07,1.58,1.10,0.58,0.03,-0.33,-0.78,-0.26,-0.14,-0.28,0.09,0.93,3.00,7.65,9.95,10.21,9.93,8.70,6.82,5.53,5.23,5.26,5.04,4.02,2.84,2.60,4.11,4.02,1.63,-0.87,-2.62,-3.24,-2.25,2.06,3.78,3.68
0.47,-1.12,-2.76,-1.69,0.41,2.05,1.81,1.26,0.76,0.79,-0.06,4.27,9.15,9.48,9.27,7.59,4.54,4.88,1.50,-2.15,-1.63,1.45,-2.01,-2.37,-1.57,0.38,2.37,0.79,-0.82,-2.65,-0.54,3.37,4.06,4.07,4.46,3.36,3.01,3.24,2.89,2.53,2.84,3.49,4.81,4.26,3.13,2.28,1.87,1.41,1.21,1.31,1.09,-0.41,-0.19,-0.01,-1.32,-2.40,-2.66,-2.41,-0.81,3.76,6.91,7.99,8.17,6.94,5.99,5.61,4.97,4.12,3.48,4.37,6.03,5.01,3.02,1.01,-0.73,-1.72,-1.80,0.45,4.52,4.84,4.08
3.52,1.72,-4.44,-6.33,-4.94,-2.16,0.68,0.82,0.78,0.66,0.17,3.35,3.26,1.77,4.55,4.64,4.66,5.48,5.18,3.28,1.73,2.85,3.05,-0.07,-1.58,-1.55,-3.07,-1.87,-1.80,-1.06,-0.81,1.54,2.93,3.77,3.49,3.39,3.53,3.72,3.59,3.31,3.68,5.33,6.29,5.78,4.90,3.77,2.78,1.58,1.08,1.11,1.26,0.36,-1.52,-1.32,-1.81,-2.66,-3.47,-3.44,-3.14,-2.43,-0.13,1.34,2.57,3.40,4.07,4.46,4.51,5.17,6.25,6.00,4.79,3.57,2.18,0.50,-0.56,-1.03,-0.89,1.66,5.39,5.11,4.11
3.09,5.16,-2.09,-5.89,-6.30,-4.70,-2.59,-0.33,1.55,2.08,4.20,4.04,0.42,2.43,7.98,9.08,7.87,6.84,6.38,5.52,3.87,2.89,4.21,0.59,0.98,-1.11,-3.51,-1.52,1.02,2.71,4.16,6.57,5.85,3.81,3.89,3.98,4.20,4.19,3.80,3.94,5.02,8.75,8.44,7.15,5.39,3.39,1.91,-0.17,-0.74,-0.06,0.93,0.61,-1.77,0.35,-0.86,-1.46,-3.58,-3.41,-2.99,-1.74,-0.61,-0.30,0.09,0.65,1.78,2.81,4.38,5.69,5.98,5.78,5.06,3.41,1.47,-0.35,-1.40,-1.68,-1.05,2.24,5.72,5.70,4.87
-4.09,-2.33,-1.98,-4.98,-6.61,-6.22,-4.84,-2.79,1.03,4.22,5.43,5.41,3.77,2.02,3.58,7.39,7.83,5.80,6.10,7.16,7.20,7.21,3.40,1.75,2.46,-0.09,-2.21,-0.37,1.05,-0.06,4.30,6.19,6.23,2.33,0.25,0.82,3.67,4.05,3.41,3.23,6.78,7.00,5.14,3.04,1.60,0.56,-0.14,-2.03,-2.92,-1.69,-0.53,1.13,2.49,0.82,-0.24,-0.49,-0.71,-3.54,-5.72,-2.31,2.49,2.67,2.34,2.91,3.61,4.20,4.93,5.52,5.82,5.50,4.39,2.61,0.89,-0.73,-1.81,-2.34,-2.08,1.47,6.20,6.90,6.33
